pytest 1205 0.92 0.94 0.86 0.84 0.93 0.84 0.87 0.84 0.93 0.85
pytest 11906 0.97 0.89 0.89 0.99 0.89 0.90 0.88 0.87 0.89 0.96
pytest 29741 1.03 0.97 1.03 1.07 0.97 1.04 0.99 0.99 0.98 1.05
pytest 59466 1.09 1.19 1.11 1.10 1.10 1.10 1.11 1.08 1.14 1.06
pytest 89191 1.23 1.24 1.24 1.36 1.27 1.33 1.33 6.31 1.41 2.06
pytest 178366 3.54 2.86 2.74 2.43 2.13 2.39 2.66 1.98 3.41 1.92
pytest 356716 2.73 2.72 2.69 2.77 2.73 2.76 2.66 2.75 2.74 2.68
pytest 594516 3.84 3.90 3.84 3.85 3.82 3.86 3.89 3.74 3.82 3.83
pytest 1189016 7.24 7.13 7.35 7.04 7.42 7.54 7.34 7.25 7.37 7.97
aiohttp 1205 1.93 1.93 1.94 1.89 1.88 1.83 1.87 1.69 1.83 1.71
aiohttp 11906 1.89 1.75 1.76 1.76 1.87 1.74 1.73 1.75 1.87 1.94
aiohttp 29741 2.00 1.99 1.98 1.98 2.00 1.97 1.91 2.01 1.97 1.98
aiohttp 59466 2.18 2.03 2.18 2.10 2.02 2.17 2.02 2.03 2.09 2.10
aiohttp 89191 2.57 2.46 2.43 2.43 2.35 2.40 2.34 2.36 2.20 2.38
aiohttp 178366 3.04 2.85 2.92 3.03 3.03 3.00 3.01 2.90 2.92 2.90
aiohttp 356716 4.11 4.12 4.26 4.13 4.21 4.24 4.38 4.34 4.09 4.15
aiohttp 594516 5.88 6.11 6.09 5.95 5.96 6.06 8.33 10.12 7.33 5.99
aiohttp 1189016 10.68 11.41 10.76 10.96 10.67 10.76 10.88 11.04 11.73 12.83
poetry 1205 5.39 4.71 4.80 5.06 5.22 5.75 6.39 6.53 6.73 5.14
poetry 11906 5.81 6.64 7.50 7.13 7.51 7.00 4.87 4.89 5.36 4.83
poetry 29741 5.00 4.86 4.87 5.55 5.46 5.37 4.92 4.97 4.92 5.26
poetry 59466 5.66 5.65 5.19 5.65 5.66 5.29 5.65 5.69 5.20 5.23
poetry 89191 5.55 5.56 5.53 5.56 5.59 5.56 5.51 6.03 5.59 6.13
poetry 178366 7.06 6.77 7.36 6.86 7.30 7.27 7.20 7.28 6.84 6.98
poetry 356716 10.00 9.56 9.53 10.01 10.15 9.99 9.54 9.57 10.07 9.58
poetry 594516 13.73 13.21 13.69 13.29 13.47 13.89 13.30 13.80 13.21 13.22
poetry 1189016 23.78 24.44 24.46 24.68 24.50 24.37 23.65 23.76 23.59 23.26
spyder 1205 24.05 22.31 22.23 22.10 22.20 24.84 25.33 22.49 25.89 23.64
spyder 11906 23.28 25.41 25.55 23.21 25.53 25.53 24.80 25.45 22.31 22.34
spyder 29741 25.36 23.08 25.30 25.64 23.00 22.92 22.80 22.79 24.96 24.79
spyder 59466 27.31 26.62 24.32 26.72 26.75 24.31 25.35 27.08 27.35 27.00
spyder 89191 28.61 29.12 27.73 26.06 27.95 25.67 28.29 28.38 26.64 28.90
spyder 178366 32.99 29.90 32.49 30.20 32.30 30.04 32.43 33.81 32.25 29.90
spyder 356716 39.64 42.38 40.86 40.06 39.51 42.04 39.37 41.54 39.34 41.72
spyder 594516 53.23 53.33 51.79 51.19 51.12 51.16 54.00 51.57 51.83 52.27
spyder 1189016 99.42 97.14 94.34 97.01 96.21 96.33 95.89 95.92 96.11 97.40
